104
101 1 8 23 12 1 8 35
100 1 12 3 12 1 12 15
12 1 14 11 85 1 15 36
36 1 17 4 12 1 17 16
14 2 8 2 33 2 8 35
20 2 8 15 13 2 8 28
70 2 10 3 19 2 10 22
102 2 12 2 10 2 12 12
14 2 12 3 14 2 12 17
14 2 12 8 16 2 12 24
67 3 10 56 14 3 11 10
103 3 12 4 11 3 12 15
12 3 13 50 21 3 14 11
10 3 14 2 17 3 14 19
12 3 16 55 1 3 16 56
98 4 14 47 18 4 15 5
11 4 16 48 52 4 17 40
89 5 8 41 11 5 8 52
19 5 9 35 49 5 10 24
92 5 16 40 16 5 16 56
13 5 17 9 13 5 17 22
9 5 30 2 9 6 6 11
11 5 56 9 11 7 8 20
11 6 11 34 80 6 12 54
37 6 13 29 14 6 13 43
2 7 3 16 55 7 4 11
14 7 8 15 28 7 8 43
11 7 11 19 19 7 11 38
11 7 15 20 31 7 15 51
68 7 17 21 16 7 17 37
16 8 9 14 22 8 9 36
5 8 13 12 19 8 13 31
14 8 15 13 96 8 16 49
7 8 15 19 7 8 15 26
5 8 41 86 5 9 18 31
4 8 48 12 4 10 0 16
10 8 59 8 11 10 11 19
2 9 5 17 2 9 5 19
99 9 11 12 19 9 11 31
11 9 13 59 50 9 14 49
14 9 19 1 14 9 19 15
5 9 43 14 5 10 19 19
12 9 76 2 16 12 4 18
2 10 3 27 2 10 3 29
8 10 8 19 8 10 11 27
3 10 56 61 3 12 9 4
9 11 5 12 9 11 5 21
27 11 6 13 27 11 6 40
26 11 7 9 26 11 7 35
6 11 8 11 6 11 8 17
9 11 12 93 9 12 4 27
17 11 17 1 17 11 17 18
7 11 19 14 7 11 19 21
57 12 2 9 57 12 10 1
1 12 3 82 1 12 4 23
2 12 9 19 2 12 9 21
9 13 11 8 9 13 11 17
8 13 12 8 8 13 12 16
6 13 26 16 6 14 2 22
6 13 29 34 6 14 5 40
3 13 51 17 3 15 3 20
9 14 1 16 9 14 1 25
3 14 2 13 3 14 2 16
42 14 4 17 42 14 4 59
36 14 5 11 36 14 5 47
1 14 16 14 1 14 16 15
4 14 47 58 4 16 0 2
8 15 17 7 9 15 17 16
7 15 22 14 7 15 22 21
28 16 7 15 28 16 7 43
7 16 9 11 7 16 9 18
5 16 40 40 6 17 16 46
14 16 79 1 16 19 7 17
55 17 4 8 55 17 5 3
1 17 4 39 1 17 4 40
7 17 21 65 8 17 22 13
4 17 42 19 4 18 18 23
58 19 2 12 8 19 2 20
10 19 2 16 10 19 2 26
56 19 3 13 56 19 4 9
13 20 14 8 13 20 14 21
15 22 19 6 15 22 19 21
15 22 74 7 15 25 2 22
49 24 3 13 50 24 4 3
22 25 7 8 15 25 7 23
13 26 77 6 13 29 5 19
11 27 14 7 11 27 14 18
11 29 19 6 11 29 19 17
9 33 16 5 9 33 16 14
9 42 1 14 11 42 1 25
17 42 55 4 17 44 7 21
9 43 43 5 11 44 19 16
33 46 5 9 35 46 5 44
8 48 4 4 8 48 4 12
13 49 14 3 13 49 14 16
15 49 19 4 15 49 19 19
13 51 64 3 13 53 16 16
5 53 9 13 59 53 10 12
11 58 17 2 11 58 17 13
13 62 8 9 14 62 8 23
27 71 7 15 20 71 7 35
11 73 2 8 2 73 2 10
29 83 6 11 34 83 6 45
49 95 4 16 48 95 5 4
